31297
1046
120400
30702
49645
82514
79362
32022
55474
58226
32462
10218
35497
80598
35505
77313
120102
36102
43193
35845
81130
81694
54954
51493
35438
46410
58078
120399
76417
43118
76418
85385
16941
32130
75282
13130
76653
76609
8242
13129
75169
35838
35242
12290
35837
36493
62033
13190
59945
43057
13185
35681
60225
12885
43913
10222
34838
57197
53129
77614
34293
32030
76985
120105
80877
12549
11782
34661
34938
31313
53806
34214
57902
79365
81493
13121
13045
35849
35850
36813
80193
80878
8097
32910
31310
55374
77610
77549
55373
76713
31058
34937
28953
54669
54513
52521
23881
7250
3081
24557
24405
1281
53242
13189
74029
2926
47961
2089
52525
77546
9354
59961
1037
70745
65802
13262
25705
57198
78933
84641
79041
46245
36126
32262
51474
83242
6186
49650
2797
70750
1277
1033
59045
35886
59965
70730
58798
80197
65817
55641
58513
37174
32426
8102
7997
69098
7397
81133
35430
80542
81246
9149
94651
49641
46730
31849
28961
88634
36646
36313
74025
56654
74026
32434
46917
37142
32557
87285
77561
8861
58813
54010
76201
33993
5802
129930
54741
54514
32914
36142
7989
35890
30974
27281
65042
4441
4442
85381
59013
53550
59014
8626
62097
51485
58225
23782
43945
7990
21773
65806
55430
86449
59953
87254
13138
12538
12537
79578
11118
25718
70501
32290
32289
77261
10870
76058
51490
77262
24042
81242
79021
53237
75173
54410
33745
6166
25702
69085
80278
80177
12950
58677
57017
81453
58222
77994
117932
28949
10877
33005
24049
9157
36122
34305
130799
20846
41725
36125
25714
55025
25713
53126
35733
68905
78069
57518
78117
78041
1234
56362
19485
36009
60234
13546
58646
35745
27397
59049
33146
77545
39334
14770
64322
87253
37821
59702
36309
58818
13209
76413
76410
80890
12282
11770
57202
77389
3342
46457
18166
16953
36098
36014
57914
49654
48126
13186
1589
69446
13134
11590
56902
11129
78705
32490
76625
8305
74033
9673
6170
20845
58829
31893
43053
58814
9110
36113
76681
13510
81454
35946
19489
130708
14702
1013
59962
36814
13261
12957
81293
58617
41722
37177
13509
58681
13297
58618
70725
80594
80538
57862
12238
80185
11873
34294
79582
94847
66622
80597
34502
58081
35234
12542
12237
80021
34569
79741
56653
33733
78937
32549
77562
9509
54729
77129
72333
9113
76626
8406
8301
6298
51494
77366
6178
72329
47966
46765
69093
46254
1006
1002
23874
91545
89526
65546
65041
41721
85149
84654
68925
13790
14698
81686
36137
81117
13346
13214
36310
13058
58806
56353
80657
35506
12765
80202
57354
35022
80206
11397
56354
56150
10801
33338
121921
55410
32546
77550
32461
32433
9478
9477
56346
78934
8397
75865
8001
8302
75866
32017
54009
8618
32125
32126
77125
8401
30701
30685
49642
1601
28581
2789
51477
25042
27261
24570
27402
24554
24265
68922
94612
7998
13545
56686
58641
11398
62437
32542
13349
8369
76045
54953
58473
70726
9142
23873
87257
88773
80198
79766
57861
94417
59062
85134
94611
94732
69082
51473
54722
34478
79778
35730
81494
81862
9469
59374
39394
31850
8621
69133
2921
1217
41030
46250
62098
68910
24034
53422
8002
30101
87286
1617
84790
76990
62093
12401
53538
43942
80641
2786
23781
2790
47958
1021
69134
43946
80645
1229
119445
68914
71290
66614
80186
91546
24553
70866
14601
34218
58514
16942
58449
81478
87258
80842
58686
58417
19482
58470
35693
36118
57018
58629
11106
58082
58614
39337
36114
12682
64317
9394
35889
80570
55030
58633
14953
58474
60182
80537
43906
82513
32121
36106
65689
14678
65545
9461
32026
81294
14950
20185
58817
80894
35422
35237
8386
12545
76402
11717
78701
12402
35021
79558
77985
8382
79882
33274
53681
34222
10217
75786
3082
6185
12286
69489
9769
57201
55029
9677
56345
33742
7993
11870
77390
25709
10213
54754
77613
72325
77217
32266
54986
70762
24410
76962
70738
27398
24449
24037
24441
69282
2986
46409
31890
1213
69441
24058
2781
1017
53130
68917
120107
55453
94736
2778
91829
3337
54730
10157
2793
69445
66621
47969
10281
77126
55473
53138
55377
24829
51470
71574
8542
48450
54073
48213
70758
24033
53430
30970
2054
31493
25041
24569
31494
24038
75281
45974
28954
69485
81205
65814
54673
43058
63126
62094
81421
62034
45973
84689
82673
81209
60010
32129
54409
36494
81134
76649
94602
54765
1577
58682
54738
31302
43905
39329
17618
68829
20842
39945
18621
20838
60009
20833
87281
19486
65818
17614
24406
39946
62438
16954
14949
37141
39330
68926
59958
39293
14673
37178
17066
43914
37137
85386
36013
43197
65801
1278
58809
36101
58394
13046
58621
80742
58493
58494
59957
13789
59950
13085
35426
14398
58422
82490
81065
82362
24222
134965
134961
58382
36358
59038
35434
58445
80017
35945
12550
12685
58685
82222
59041
80893
13793
13517
36674
13142
34841
35941
81422
58610
80745
36010
57350
13109
13521
13313
58498
13306
13213
58490
35417
35841
57353
81706
79654
57349
58337
79889
11778
10214
57378
57190
79674
79658
56977
11130
11594
58393
81126
56082
79042
11138
58421
35729
80841
35201
80002
11134
58414
35694
58186
78781
34310
76414
55637
10277
10210
34510
9474
34309
12285
56901
34878
79354
34505
77609
9109
32018
11866
34477
11881
30698
10886
55370
53134
9158
11674
77265
34306
77225
55409
8622
32430
79653
77221
11598
56350
9141
76038
76718
8617
32849
56358
77986
9473
56074
76714
77618
9470
9146
9145
77989
53241
8841
53429
31853
77990
27277
52526
69442
24442
1578
69305
75773
28957
25706
7398
30189
24270
2925
30194
69437
32425
74030
9674
70734
54737
47962
24409
48129
54733
9150
51489
2090
54606
1618
24417
3341
31854
24046
70865
31498
52522
76430
46258
53542
49657
76358
8541
70757
76194
76046
70749
68921
8389
72322
8098
47225
1026
8405
24834
8005
6174
24050
24558
7265
7266
27278
1010
1034
4437
1029
2798
46766
49649
69278
70742
1001
1230
32489
71289
25701
1041
1022
2782
46253
25717
49658
1590
69277
46246
1218
24266
59057
13093
134964
35881
10802
70754
13057
36678
4438
57513
94421
46257
13110
46249
59954
13345
53545
10153
77222
57077
14954
59966
58797
9357
46725
13302
9114
56241
12869
33673
20837
43941
58413
8601
13082
37438
64321
37173
54766
59994
13105
59166
35530
11865
78122
52530
42962
37185
63125
81185
37186
84789
14397
8101
37133
59046
81190
81685
87282
65805
11673
53125
58622
37134
58833
58802
17613
35942
81290
120403
25697
31593
13513
80274
34881
57550
30102
46082
11718
7257
76102
1433
60229
36110
9510
94846
34489
57549
35429
77557
46729
76357
28962
78702
80882
13794
9393
46458
35333
8614
77574
82674
76401
59246
76105
27394
35526
11133
60006
72326
135261
58189
80541
13445
88630
64318
20186
81342
58185
56349
77382
79678
43121
33734
63130
34885
35822
77230
14697
9770
59949
35682
85382
57193
77118
31889
35842
35202
37822
88633
13549
12546
36141
34301
10873
8837
12541
12205
10278
55454
13810
36105
76721
33746
32558
43054
9721
53546
13101
80001
56685
57530
77569
12770
56682
13550
86450
17617
35829
6197
53549
76202
49634
39333
79357
33142
21774
14674
77570
28946
9702
36357
34501
33741
33990
34509
34386
79358
55429
10053
35197
80550
12289
32429
54725
11878
10797
35525
80545
79890
12878
9353
53810
76101
9278
76989
76994
34877
75149
55638
9762
6198
2922
78042
33677
70746
24830
79657
32554
76053
56357
78065
54985
53133
7258
76722
1045
134962
17065
123744
60013
39485
48449
8394
54037
117879
89525
21766
75778
76717
75170
8402
7261
41726
7262
85150
81249
81210
13293
35713
35846
13298
24041
69306
37129
69281
36121
69089
36117
58805
81477
1222
1030
58801
81305
13309
80889
24045
13301
65813
12673
43198
88629
20834
80273
12206
34845
11137
34837
86057
37138
60014
12034
60005
37181
14677
36109
81482
56910
35421
21765
35821
58501
81250
58502
81194
58450
58442
13126
58613
11766
36097
79765
11665
58193
80730
12601
53805
54305
33674
56073
10209
10165
31314
81118
12886
9462
9421
54074
12873
9358
8374
8306
8249
57898
80222
10869
10054
76198
24833
75785
1821
136041
1233
69094
11869
48125
79677
2785
56906
9361
76409
8398
76429
55369
77229
79022
9678
13809
77349
32122
76621
27393
47213
8869
76033
48770
69086
36138
25710
1214
74034
53238
48214
82654
80946
79681
76434
77993
1025
9722
1014
77122
31062
76186
80277
129888
43910
88546
59042
58678
59997
80881
54450
54518
69081
134101
34890
10282
11669
70753
94731
68550
79570
66617
77982
54734
130793
119444
94677
136322
84653
37130
59058
81497
58810
13305
37190
58609
58381
58177
66618
42961
79742
10161
80658
76961
75781
11105
49653
10874
9277
31490
3338
1602
46726
68918
8829
1018
52529
2777
130802
2085
129889
24057
123943
20841
37437
13526
81113
81114
35433
35198
57377
56149
36093
35909
13210
88774
58489
18622
81189
39486
84690
58086
83222
82489
82014
32265
36490
81705
31517
54021
76193
76106
30705
53122
75153
51478
58446
13086
34518
57194
33273
78118
77573
9697
32258
31894
80949
9422
35882
35794
28958
14701
72330
70741
24413
68929
13102
76622
69090
76197
1009
36094
53137
30697
39338
81297
66613
